24
333333334
333333334
333333334
333333334
333333334
333333334
333333334
333333334
333333334
333333334
333333334
333333334
333333334
333333334
333333334
333333334
333333334
333333334
333333334
333333334
333333334
333333334
333333334
333333334
333333334
333333334
333333334
333333334
333333334
333333334
333333334
333333334
333333334
333333334
333333334
333333334
333333334
333333334
333333334
333333334
333333334
333333334
333333334
333333334
333333334
333333334
333333334
333333334
333333334
333333334
333333334
333333334
333333334
333333334
333333334
333333334
333333334
333333334
333333334
333333334
